              precision    recall  f1-score   support

           0       1.00      1.00      1.00         5
           1       1.00      1.00      1.00        14
           2       0.89      1.00      0.94         8
           3       0.78      0.88      0.82         8
           4       1.00      0.90      0.95        10
           5       1.00      1.00      1.00         9
           6       1.00      1.00      1.00        12
           7       1.00      0.79      0.88        14
           8       1.00      1.00      1.00        12
           9       1.00      1.00      1.00        11
          10       1.00      1.00      1.00        15
          11       1.00      1.00      1.00         9
          12       1.00      1.00      1.00         6
          13       1.00      1.00      1.00        10
          14       0.92      1.00      0.96        12
          15       1.00      1.00      1.00         8
          16       1.00      1.00      1.00        12
          17       0.92      1.00      0.96        12
          18       1.00      0.90      0.95        10
          19       1.00      1.00      1.00         8
          20       1.00      1.00      1.00         8
          21       1.00      1.00      1.00         7
          22       0.82      1.00      0.90         9
          23       1.00      1.00      1.00         9
          24       0.93      1.00      0.96        13
          25       0.92      0.92      0.92        12
          26       1.00      0.92      0.96        13
          27       1.00      1.00      1.00        12
          28       1.00      1.00      1.00         7
          29       1.00      0.83      0.91         6
          30       1.00      1.00      1.00         8
          31       1.00      1.00      1.00        11

    accuracy                           0.97       320
   macro avg       0.97      0.97      0.97       320
weighted avg       0.97      0.97      0.97       320
