              precision    recall  f1-score   support

           0       1.00      1.00      1.00         5
           1       1.00      1.00      1.00        14
           2       1.00      1.00      1.00         8
           3       1.00      1.00      1.00         8
           4       1.00      1.00      1.00        10
           5       1.00      1.00      1.00         9
           6       1.00      1.00      1.00        12
           7       1.00      1.00      1.00        14
           8       1.00      1.00      1.00        12
           9       1.00      1.00      1.00        11
          10       1.00      1.00      1.00        15
          11       1.00      1.00      1.00         9
          12       1.00      1.00      1.00         6
          13       1.00      1.00      1.00        10
          14       0.92      1.00      0.96        12
          15       1.00      1.00      1.00         8
          16       1.00      1.00      1.00        12
          17       1.00      1.00      1.00        12
          18       1.00      1.00      1.00        10
          19       0.89      1.00      0.94         8
          20       1.00      1.00      1.00         8
          21       1.00      1.00      1.00         7
          22       1.00      1.00      1.00         9
          23       1.00      1.00      1.00         9
          24       1.00      1.00      1.00        13
          25       1.00      1.00      1.00        12
          26       1.00      1.00      1.00        13
          27       1.00      1.00      1.00        12
          28       1.00      0.86      0.92         7
          29       1.00      1.00      1.00         6
          30       1.00      1.00      1.00         8
          31       1.00      0.91      0.95        11

    accuracy                           0.99       320
   macro avg       0.99      0.99      0.99       320
weighted avg       0.99      0.99      0.99       320
