              precision    recall  f1-score   support

           0       1.00      1.00      1.00         5
           1       1.00      1.00      1.00        14
           2       1.00      1.00      1.00         8
           3       1.00      1.00      1.00         8
           4       1.00      1.00      1.00        10
           5       0.90      1.00      0.95         9
           6       1.00      1.00      1.00        12
           7       0.92      0.86      0.89        14
           8       1.00      1.00      1.00        12
           9       1.00      1.00      1.00        11
          10       1.00      1.00      1.00        15
          11       1.00      1.00      1.00         9
          12       1.00      1.00      1.00         6
          13       0.91      1.00      0.95        10
          14       1.00      1.00      1.00        12
          15       1.00      1.00      1.00         8
          16       1.00      1.00      1.00        12
          17       0.86      1.00      0.92        12
          18       1.00      1.00      1.00        10
          19       1.00      1.00      1.00         8
          20       1.00      1.00      1.00         8
          21       1.00      0.86      0.92         7
          22       1.00      1.00      1.00         9
          23       1.00      1.00      1.00         9
          24       1.00      1.00      1.00        13
          25       1.00      1.00      1.00        12
          26       1.00      1.00      1.00        13
          27       1.00      1.00      1.00        12
          28       1.00      0.86      0.92         7
          29       1.00      0.83      0.91         6
          30       1.00      1.00      1.00         8
          31       1.00      1.00      1.00        11

    accuracy                           0.98       320
   macro avg       0.99      0.98      0.98       320
weighted avg       0.99      0.98      0.98       320
