              precision    recall  f1-score   support

           0       0.57      0.80      0.67         5
           1       1.00      0.86      0.92        14
           2       0.10      0.75      0.18         8
           3       0.50      0.88      0.64         8
           4       0.75      0.90      0.82        10
           5       0.67      0.44      0.53         9
           6       0.57      0.33      0.42        12
           7       0.82      0.64      0.72        14
           8       0.75      0.75      0.75        12
           9       1.00      0.91      0.95        11
          10       1.00      0.80      0.89        15
          11       0.67      0.67      0.67         9
          12       0.56      0.83      0.67         6
          13       0.89      0.80      0.84        10
          14       0.83      0.42      0.56        12
          15       0.80      0.50      0.62         8
          16       0.80      0.67      0.73        12
          17       1.00      0.58      0.74        12
          18       0.89      0.80      0.84        10
          19       0.67      0.50      0.57         8
          20       0.80      0.50      0.62         8
          21       0.44      0.57      0.50         7
          22       1.00      1.00      1.00         9
          23       1.00      0.89      0.94         9
          24       1.00      0.69      0.82        13
          25       0.89      0.67      0.76        12
          26       1.00      0.69      0.82        13
          27       1.00      0.83      0.91        12
          28       1.00      0.57      0.73         7
          29       1.00      0.67      0.80         6
          30       0.80      0.50      0.62         8
          31       1.00      0.73      0.84        11

    accuracy                           0.69       320
   macro avg       0.81      0.69      0.72       320
weighted avg       0.83      0.69      0.74       320
