              precision    recall  f1-score   support

           0       0.40      0.80      0.53         5
           1       0.92      0.79      0.85        14
           2       0.15      0.75      0.24         8
           3       1.00      1.00      1.00         8
           4       0.83      1.00      0.91        10
           5       0.50      0.33      0.40         9
           6       0.50      0.25      0.33        12
           7       0.67      0.71      0.69        14
           8       1.00      0.75      0.86        12
           9       0.89      0.73      0.80        11
          10       1.00      0.93      0.97        15
          11       1.00      0.67      0.80         9
          12       0.67      1.00      0.80         6
          13       1.00      0.80      0.89        10
          14       0.60      0.50      0.55        12
          15       1.00      0.75      0.86         8
          16       1.00      0.92      0.96        12
          17       0.78      0.58      0.67        12
          18       1.00      1.00      1.00        10
          19       0.78      0.88      0.82         8
          20       1.00      0.88      0.93         8
          21       0.44      0.57      0.50         7
          22       1.00      0.78      0.88         9
          23       1.00      0.67      0.80         9
          24       1.00      0.92      0.96        13
          25       0.71      1.00      0.83        12
          26       1.00      0.85      0.92        13
          27       1.00      0.75      0.86        12
          28       1.00      1.00      1.00         7
          29       1.00      0.67      0.80         6
          30       1.00      0.50      0.67         8
          31       1.00      0.64      0.78        11

    accuracy                           0.76       320
   macro avg       0.84      0.76      0.78       320
weighted avg       0.85      0.76      0.78       320
