              precision    recall  f1-score   support

           0       0.24      1.00      0.38         5
           1       1.00      0.71      0.83        14
           2       0.07      0.62      0.12         8
           3       0.78      0.88      0.82         8
           4       0.90      0.90      0.90        10
           5       0.50      0.33      0.40         9
           6       0.00      0.00      0.00        12
           7       0.43      0.21      0.29        14
           8       0.75      0.50      0.60        12
           9       1.00      0.64      0.78        11
          10       1.00      0.87      0.93        15
          11       0.38      0.56      0.45         9
          12       0.62      0.83      0.71         6
          13       1.00      0.80      0.89        10
          14       0.60      0.25      0.35        12
          15       0.71      0.62      0.67         8
          16       0.78      0.58      0.67        12
          17       0.71      0.42      0.53        12
          18       1.00      0.50      0.67        10
          19       1.00      0.25      0.40         8
          20       1.00      0.75      0.86         8
          21       0.17      0.14      0.15         7
          22       1.00      0.89      0.94         9
          23       1.00      0.56      0.71         9
          24       1.00      0.92      0.96        13
          25       0.64      0.75      0.69        12
          26       1.00      0.77      0.87        13
          27       1.00      0.92      0.96        12
          28       0.75      0.43      0.55         7
          29       1.00      0.83      0.91         6
          30       0.50      0.25      0.33         8
          31       1.00      0.55      0.71        11

    accuracy                           0.60       320
   macro avg       0.74      0.60      0.63       320
weighted avg       0.76      0.60      0.64       320
