              precision    recall  f1-score   support

           0       0.33      0.80      0.47         5
           1       0.83      0.71      0.77        14
           2       0.08      0.88      0.14         8
           3       0.67      0.75      0.71         8
           4       1.00      0.90      0.95        10
           5       0.86      0.67      0.75         9
           6       1.00      0.42      0.59        12
           7       0.38      0.21      0.27        14
           8       0.75      0.75      0.75        12
           9       1.00      0.45      0.62        11
          10       1.00      0.87      0.93        15
          11       1.00      0.89      0.94         9
          12       0.60      0.50      0.55         6
          13       0.89      0.80      0.84        10
          14       0.80      0.33      0.47        12
          15       1.00      0.38      0.55         8
          16       0.67      0.50      0.57        12
          17       1.00      0.42      0.59        12
          18       1.00      0.70      0.82        10
          19       0.86      0.75      0.80         8
          20       1.00      0.62      0.77         8
          21       1.00      0.43      0.60         7
          22       1.00      0.89      0.94         9
          23       0.71      0.56      0.63         9
          24       1.00      0.69      0.82        13
          25       0.43      0.25      0.32        12
          26       1.00      0.77      0.87        13
          27       1.00      0.92      0.96        12
          28       0.67      0.29      0.40         7
          29       1.00      0.50      0.67         6
          30       1.00      0.62      0.77         8
          31       1.00      0.73      0.84        11

    accuracy                           0.62       320
   macro avg       0.83      0.62      0.68       320
weighted avg       0.84      0.62      0.69       320
