              precision    recall  f1-score   support

           0       0.26      1.00      0.42         5
           1       0.37      0.71      0.49        14
           2       0.06      0.88      0.12         8
           3       0.75      0.75      0.75         8
           4       1.00      0.90      0.95        10
           5       1.00      0.78      0.88         9
           6       0.50      0.17      0.25        12
           7       0.50      0.07      0.12        14
           8       1.00      0.42      0.59        12
           9       1.00      0.73      0.84        11
          10       1.00      0.93      0.97        15
          11       1.00      0.67      0.80         9
          12       0.50      0.17      0.25         6
          13       1.00      0.60      0.75        10
          14       0.67      0.17      0.27        12
          15       1.00      0.38      0.55         8
          16       1.00      0.33      0.50        12
          17       0.50      0.08      0.14        12
          18       0.75      0.60      0.67        10
          19       0.50      0.38      0.43         8
          20       0.80      0.50      0.62         8
          21       0.67      0.29      0.40         7
          22       1.00      0.67      0.80         9
          23       1.00      0.33      0.50         9
          24       1.00      0.77      0.87        13
          25       0.38      0.42      0.40        12
          26       1.00      0.38      0.56        13
          27       1.00      0.83      0.91        12
          28       0.83      0.71      0.77         7
          29       1.00      0.33      0.50         6
          30       0.50      0.12      0.20         8
          31       1.00      0.36      0.53        11

    accuracy                           0.51       320
   macro avg       0.77      0.51      0.56       320
weighted avg       0.78      0.51      0.56       320
