              precision    recall  f1-score   support

           0       0.29      1.00      0.45         5
           1       0.71      0.71      0.71        14
           2       0.10      0.75      0.18         8
           3       0.64      0.88      0.74         8
           4       0.83      1.00      0.91        10
           5       0.88      0.78      0.82         9
           6       0.75      0.50      0.60        12
           7       0.50      0.21      0.30        14
           8       0.89      0.67      0.76        12
           9       1.00      0.82      0.90        11
          10       1.00      0.87      0.93        15
          11       1.00      0.78      0.88         9
          12       0.50      0.50      0.50         6
          13       0.78      0.70      0.74        10
          14       0.86      0.50      0.63        12
          15       1.00      0.25      0.40         8
          16       0.46      0.50      0.48        12
          17       0.56      0.42      0.48        12
          18       0.89      0.80      0.84        10
          19       0.71      0.62      0.67         8
          20       1.00      0.88      0.93         8
          21       0.33      0.14      0.20         7
          22       1.00      0.78      0.88         9
          23       0.78      0.78      0.78         9
          24       1.00      0.92      0.96        13
          25       0.60      0.25      0.35        12
          26       1.00      0.62      0.76        13
          27       0.90      0.75      0.82        12
          28       0.50      0.29      0.36         7
          29       0.75      1.00      0.86         6
          30       0.80      0.50      0.62         8
          31       1.00      0.64      0.78        11

    accuracy                           0.64       320
   macro avg       0.75      0.65      0.66       320
weighted avg       0.77      0.64      0.68       320
