              precision    recall  f1-score   support

           0       0.50      0.40      0.44         5
           1       1.00      0.86      0.92        14
           2       0.07      1.00      0.13         8
           3       1.00      0.62      0.77         8
           4       1.00      1.00      1.00        10
           5       0.67      0.22      0.33         9
           6       0.25      0.08      0.12        12
           7       0.67      0.43      0.52        14
           8       1.00      0.75      0.86        12
           9       1.00      0.55      0.71        11
          10       1.00      0.73      0.85        15
          11       0.62      0.56      0.59         9
          12       1.00      0.67      0.80         6
          13       1.00      0.60      0.75        10
          14       0.67      0.33      0.44        12
          15       0.86      0.75      0.80         8
          16       1.00      0.42      0.59        12
          17       0.89      0.67      0.76        12
          18       0.71      0.50      0.59        10
          19       0.67      0.25      0.36         8
          20       1.00      0.50      0.67         8
          21       0.36      0.71      0.48         7
          22       1.00      0.67      0.80         9
          23       1.00      0.67      0.80         9
          24       1.00      0.69      0.82        13
          25       0.55      0.50      0.52        12
          26       1.00      0.54      0.70        13
          27       1.00      0.50      0.67        12
          28       1.00      0.57      0.73         7
          29       1.00      0.50      0.67         6
          30       0.33      0.25      0.29         8
          31       1.00      0.45      0.62        11

    accuracy                           0.56       320
   macro avg       0.81      0.56      0.63       320
weighted avg       0.82      0.56      0.64       320
