              precision    recall  f1-score   support

           0       0.75      0.60      0.67         5
           1       1.00      0.93      0.96        14
           2       0.09      1.00      0.16         8
           3       1.00      0.88      0.93         8
           4       1.00      1.00      1.00        10
           5       1.00      0.44      0.62         9
           6       1.00      0.17      0.29        12
           7       0.88      0.50      0.64        14
           8       1.00      0.75      0.86        12
           9       0.88      0.64      0.74        11
          10       1.00      0.87      0.93        15
          11       0.56      0.56      0.56         9
          12       0.56      0.83      0.67         6
          13       1.00      0.90      0.95        10
          14       0.75      0.25      0.38        12
          15       1.00      0.75      0.86         8
          16       1.00      0.75      0.86        12
          17       0.88      0.58      0.70        12
          18       0.80      0.40      0.53        10
          19       1.00      0.75      0.86         8
          20       1.00      0.75      0.86         8
          21       0.44      0.57      0.50         7
          22       1.00      0.78      0.88         9
          23       1.00      0.78      0.88         9
          24       1.00      0.92      0.96        13
          25       0.61      0.92      0.73        12
          26       1.00      0.31      0.47        13
          27       1.00      0.58      0.74        12
          28       1.00      0.43      0.60         7
          29       0.75      0.50      0.60         6
          30       0.80      0.50      0.62         8
          31       1.00      0.36      0.53        11

    accuracy                           0.65       320
   macro avg       0.87      0.65      0.70       320
weighted avg       0.89      0.65      0.71       320
