              precision    recall  f1-score   support

           0       0.67      0.40      0.50         5
           1       1.00      0.93      0.96        14
           2       0.06      1.00      0.12         8
           3       0.83      0.62      0.71         8
           4       1.00      1.00      1.00        10
           5       1.00      0.33      0.50         9
           6       0.20      0.08      0.12        12
           7       0.62      0.36      0.45        14
           8       1.00      0.75      0.86        12
           9       0.83      0.45      0.59        11
          10       1.00      0.80      0.89        15
          11       0.67      0.67      0.67         9
          12       0.57      0.67      0.62         6
          13       0.33      0.10      0.15        10
          14       0.33      0.17      0.22        12
          15       1.00      0.50      0.67         8
          16       1.00      0.42      0.59        12
          17       1.00      0.67      0.80        12
          18       0.75      0.30      0.43        10
          19       0.50      0.25      0.33         8
          20       1.00      0.12      0.22         8
          21       0.38      0.71      0.50         7
          22       1.00      0.67      0.80         9
          23       1.00      0.67      0.80         9
          24       1.00      0.62      0.76        13
          25       0.73      0.67      0.70        12
          26       1.00      0.31      0.47        13
          27       1.00      0.42      0.59        12
          28       1.00      0.86      0.92         7
          29       1.00      0.33      0.50         6
          30       0.60      0.38      0.46         8
          31       1.00      0.27      0.43        11

    accuracy                           0.52       320
   macro avg       0.78      0.52      0.57       320
weighted avg       0.80      0.52      0.58       320
