              precision    recall  f1-score   support

           0       0.36      0.80      0.50         5
           1       1.00      0.79      0.88        14
           2       0.07      1.00      0.12         8
           3       0.67      0.50      0.57         8
           4       1.00      0.80      0.89        10
           5       1.00      0.67      0.80         9
           6       1.00      0.25      0.40        12
           7       0.33      0.14      0.20        14
           8       1.00      0.67      0.80        12
           9       0.75      0.27      0.40        11
          10       1.00      0.73      0.85        15
          11       1.00      0.67      0.80         9
          12       0.80      0.67      0.73         6
          13       0.70      0.70      0.70        10
          14       0.75      0.25      0.38        12
          15       1.00      0.38      0.55         8
          16       0.67      0.17      0.27        12
          17       1.00      0.17      0.29        12
          18       1.00      0.60      0.75        10
          19       0.88      0.88      0.88         8
          20       0.75      0.75      0.75         8
          21       1.00      0.29      0.44         7
          22       1.00      0.89      0.94         9
          23       0.75      0.67      0.71         9
          24       1.00      0.62      0.76        13
          25       0.67      0.33      0.44        12
          26       1.00      0.77      0.87        13
          27       1.00      0.83      0.91        12
          28       1.00      0.43      0.60         7
          29       0.80      0.67      0.73         6
          30       0.75      0.38      0.50         8
          31       1.00      0.55      0.71        11

    accuracy                           0.56       320
   macro avg       0.83      0.57      0.63       320
weighted avg       0.85      0.56      0.63       320
