              precision    recall  f1-score   support

           0       0.14      1.00      0.24         5
           1       1.00      0.57      0.73        14
           2       0.10      1.00      0.17         8
           3       0.67      0.50      0.57         8
           4       0.90      0.90      0.90        10
           5       0.80      0.44      0.57         9
           6       0.75      0.25      0.38        12
           7       0.50      0.14      0.22        14
           8       1.00      0.75      0.86        12
           9       0.60      0.55      0.57        11
          10       1.00      0.73      0.85        15
          11       0.71      0.56      0.63         9
          12       0.80      0.67      0.73         6
          13       1.00      0.70      0.82        10
          14       0.33      0.08      0.13        12
          15       1.00      0.50      0.67         8
          16       0.86      0.50      0.63        12
          17       0.56      0.42      0.48        12
          18       1.00      0.40      0.57        10
          19       0.40      0.25      0.31         8
          20       0.86      0.75      0.80         8
          21       0.25      0.14      0.18         7
          22       1.00      0.78      0.88         9
          23       1.00      0.33      0.50         9
          24       1.00      0.92      0.96        13
          25       0.55      0.50      0.52        12
          26       1.00      0.62      0.76        13
          27       1.00      0.83      0.91        12
          28       0.67      0.57      0.62         7
          29       0.60      0.50      0.55         6
          30       0.50      0.12      0.20         8
          31       1.00      0.64      0.78        11

    accuracy                           0.55       320
   macro avg       0.74      0.55      0.58       320
weighted avg       0.76      0.55      0.60       320
