              precision    recall  f1-score   support

           0       0.60      0.60      0.60         5
           1       1.00      0.71      0.83        14
           2       0.06      1.00      0.11         8
           3       1.00      0.62      0.77         8
           4       1.00      0.80      0.89        10
           5       1.00      0.33      0.50         9
           6       1.00      0.08      0.15        12
           7       0.60      0.21      0.32        14
           8       1.00      0.67      0.80        12
           9       0.88      0.64      0.74        11
          10       1.00      0.80      0.89        15
          11       0.71      0.56      0.63         9
          12       0.50      0.50      0.50         6
          13       0.75      0.30      0.43        10
          14       0.20      0.08      0.12        12
          15       1.00      0.38      0.55         8
          16       1.00      0.42      0.59        12
          17       1.00      0.67      0.80        12
          18       0.75      0.30      0.43        10
          19       0.75      0.38      0.50         8
          20       1.00      0.12      0.22         8
          21       0.22      0.29      0.25         7
          22       1.00      0.56      0.71         9
          23       1.00      0.67      0.80         9
          24       1.00      0.69      0.82        13
          25       0.58      0.58      0.58        12
          26       1.00      0.46      0.63        13
          27       1.00      0.25      0.40        12
          28       1.00      0.86      0.92         7
          29       1.00      0.33      0.50         6
          30       0.20      0.12      0.15         8
          31       1.00      0.36      0.53        11

    accuracy                           0.48       320
   macro avg       0.81      0.48      0.55       320
weighted avg       0.83      0.48      0.56       320
