              precision    recall  f1-score   support

           0       0.67      0.80      0.73         5
           1       1.00      0.93      0.96        14
           2       0.11      1.00      0.19         8
           3       0.70      0.88      0.78         8
           4       1.00      0.90      0.95        10
           5       0.83      0.56      0.67         9
           6       1.00      0.75      0.86        12
           7       1.00      0.29      0.44        14
           8       0.91      0.83      0.87        12
           9       0.89      0.73      0.80        11
          10       1.00      0.93      0.97        15
          11       0.73      0.89      0.80         9
          12       1.00      0.83      0.91         6
          13       1.00      0.90      0.95        10
          14       0.67      0.17      0.27        12
          15       0.75      0.38      0.50         8
          16       1.00      0.83      0.91        12
          17       0.78      0.58      0.67        12
          18       0.89      0.80      0.84        10
          19       0.83      0.62      0.71         8
          20       1.00      0.62      0.77         8
          21       0.60      0.86      0.71         7
          22       1.00      0.89      0.94         9
          23       1.00      0.56      0.71         9
          24       1.00      0.77      0.87        13
          25       0.86      0.50      0.63        12
          26       1.00      0.69      0.82        13
          27       1.00      0.75      0.86        12
          28       1.00      0.71      0.83         7
          29       0.80      0.67      0.73         6
          30       0.60      0.38      0.46         8
          31       1.00      0.82      0.90        11

    accuracy                           0.71       320
   macro avg       0.86      0.71      0.75       320
weighted avg       0.88      0.71      0.76       320
