              precision    recall  f1-score   support

           0       1.00      0.60      0.75         5
           1       0.93      0.93      0.93        14
           2       0.11      1.00      0.19         8
           3       1.00      0.75      0.86         8
           4       1.00      0.90      0.95        10
           5       0.60      0.33      0.43         9
           6       0.55      0.50      0.52        12
           7       0.78      0.50      0.61        14
           8       1.00      0.75      0.86        12
           9       1.00      0.64      0.78        11
          10       1.00      0.87      0.93        15
          11       0.75      0.67      0.71         9
          12       1.00      0.83      0.91         6
          13       1.00      0.60      0.75        10
          14       0.40      0.33      0.36        12
          15       1.00      0.62      0.77         8
          16       1.00      0.75      0.86        12
          17       1.00      0.83      0.91        12
          18       1.00      0.80      0.89        10
          19       0.86      0.75      0.80         8
          20       1.00      0.50      0.67         8
          21       0.43      0.43      0.43         7
          22       1.00      0.89      0.94         9
          23       1.00      0.56      0.71         9
          24       1.00      0.92      0.96        13
          25       0.69      0.75      0.72        12
          26       1.00      0.77      0.87        13
          27       1.00      0.83      0.91        12
          28       1.00      0.71      0.83         7
          29       1.00      0.50      0.67         6
          30       0.80      0.50      0.62         8
          31       1.00      0.73      0.84        11

    accuracy                           0.70       320
   macro avg       0.87      0.69      0.75       320
weighted avg       0.87      0.70      0.76       320
