              precision    recall  f1-score   support

           0       0.24      0.80      0.36         5
           1       0.75      0.43      0.55        14
           2       0.05      1.00      0.10         8
           3       0.80      0.50      0.62         8
           4       1.00      0.90      0.95        10
           5       1.00      0.67      0.80         9
           6       1.00      0.08      0.15        12
           7       0.25      0.07      0.11        14
           8       1.00      0.42      0.59        12
           9       0.67      0.55      0.60        11
          10       1.00      0.67      0.80        15
          11       1.00      0.44      0.62         9
          12       1.00      0.67      0.80         6
          13       0.67      0.40      0.50        10
          14       0.20      0.08      0.12        12
          15       0.67      0.25      0.36         8
          16       1.00      0.25      0.40        12
          17       0.40      0.17      0.24        12
          18       1.00      0.30      0.46        10
          19       1.00      0.38      0.55         8
          20       1.00      0.38      0.55         8
          21       0.00      0.00      0.00         7
          22       1.00      0.44      0.62         9
          23       1.00      0.44      0.62         9
          24       1.00      0.77      0.87        13
          25       0.50      0.25      0.33        12
          26       1.00      0.69      0.82        13
          27       1.00      0.58      0.74        12
          28       0.62      0.71      0.67         7
          29       1.00      0.50      0.67         6
          30       1.00      0.12      0.22         8
          31       1.00      0.27      0.43        11

    accuracy                           0.43       320
   macro avg       0.78      0.44      0.51       320
weighted avg       0.78      0.43      0.51       320
