              precision    recall  f1-score   support

           0       0.50      0.80      0.62         5
           1       0.82      0.64      0.72        14
           2       0.05      1.00      0.09         8
           3       0.75      0.38      0.50         8
           4       0.90      0.90      0.90        10
           5       1.00      0.56      0.71         9
           6       1.00      0.08      0.15        12
           7       0.20      0.07      0.11        14
           8       1.00      0.58      0.74        12
           9       1.00      0.27      0.43        11
          10       1.00      0.53      0.70        15
          11       1.00      0.56      0.71         9
          12       1.00      0.50      0.67         6
          13       0.45      0.50      0.48        10
          14       0.67      0.17      0.27        12
          15       1.00      0.12      0.22         8
          16       0.50      0.08      0.14        12
          17       0.00      0.00      0.00        12
          18       1.00      0.50      0.67        10
          19       0.60      0.38      0.46         8
          20       1.00      0.38      0.55         8
          21       0.00      0.00      0.00         7
          22       1.00      0.78      0.88         9
          23       0.60      0.33      0.43         9
          24       1.00      0.38      0.56        13
          25       0.50      0.25      0.33        12
          26       1.00      0.46      0.63        13
          27       1.00      0.58      0.74        12
          28       0.00      0.00      0.00         7
          29       0.75      0.50      0.60         6
          30       0.50      0.50      0.50         8
          31       1.00      0.27      0.43        11

    accuracy                           0.40       320
   macro avg       0.71      0.41      0.47       320
weighted avg       0.73      0.40      0.47       320
