              precision    recall  f1-score   support

           0       0.38      0.60      0.46         5
           1       1.00      0.50      0.67        14
           2       0.05      0.75      0.10         8
           3       0.75      0.38      0.50         8
           4       1.00      1.00      1.00        10
           5       1.00      0.22      0.36         9
           6       1.00      0.17      0.29        12
           7       1.00      0.21      0.35        14
           8       1.00      0.58      0.74        12
           9       0.56      0.45      0.50        11
          10       1.00      0.67      0.80        15
          11       0.67      0.44      0.53         9
          12       1.00      0.83      0.91         6
          13       0.75      0.30      0.43        10
          14       0.00      0.00      0.00        12
          15       1.00      0.38      0.55         8
          16       1.00      0.92      0.96        12
          17       0.71      0.42      0.53        12
          18       0.80      0.40      0.53        10
          19       0.43      0.38      0.40         8
          20       0.71      0.62      0.67         8
          21       0.18      0.29      0.22         7
          22       1.00      0.44      0.62         9
          23       1.00      0.33      0.50         9
          24       1.00      0.62      0.76        13
          25       0.31      0.67      0.42        12
          26       1.00      0.23      0.38        13
          27       1.00      1.00      1.00        12
          28       0.67      0.29      0.40         7
          29       0.83      0.83      0.83         6
          30       1.00      0.12      0.22         8
          31       1.00      0.36      0.53        11

    accuracy                           0.48       320
   macro avg       0.77      0.48      0.54       320
weighted avg       0.80      0.48      0.54       320
