              precision    recall  f1-score   support

           0       0.16      1.00      0.27         5
           1       0.58      0.79      0.67        14
           2       0.10      0.62      0.18         8
           3       0.40      0.75      0.52         8
           4       0.70      0.70      0.70        10
           5       0.56      0.56      0.56         9
           6       0.83      0.42      0.56        12
           7       0.20      0.07      0.11        14
           8       0.90      0.75      0.82        12
           9       0.67      0.91      0.77        11
          10       1.00      0.73      0.85        15
          11       0.50      0.33      0.40         9
          12       0.67      0.67      0.67         6
          13       0.67      0.60      0.63        10
          14       0.50      0.25      0.33        12
          15       1.00      0.62      0.77         8
          16       0.89      0.67      0.76        12
          17       0.62      0.42      0.50        12
          18       1.00      0.70      0.82        10
          19       0.46      0.75      0.57         8
          20       1.00      0.62      0.77         8
          21       0.50      0.29      0.36         7
          22       1.00      0.89      0.94         9
          23       0.80      0.44      0.57         9
          24       1.00      0.85      0.92        13
          25       1.00      0.17      0.29        12
          26       1.00      0.77      0.87        13
          27       1.00      0.75      0.86        12
          28       0.67      0.29      0.40         7
          29       0.67      0.67      0.67         6
          30       0.50      0.12      0.20         8
          31       1.00      0.45      0.62        11

    accuracy                           0.58       320
   macro avg       0.70      0.58      0.59       320
weighted avg       0.73      0.58      0.61       320
