              precision    recall  f1-score   support

           0       0.71      1.00      0.83         5
           1       1.00      0.93      0.96        14
           2       0.12      0.88      0.22         8
           3       1.00      0.88      0.93         8
           4       0.90      0.90      0.90        10
           5       0.83      0.56      0.67         9
           6       0.83      0.42      0.56        12
           7       0.73      0.57      0.64        14
           8       1.00      0.83      0.91        12
           9       0.90      0.82      0.86        11
          10       1.00      1.00      1.00        15
          11       0.62      0.56      0.59         9
          12       0.60      1.00      0.75         6
          13       1.00      0.60      0.75        10
          14       0.43      0.25      0.32        12
          15       1.00      0.62      0.77         8
          16       1.00      0.92      0.96        12
          17       1.00      0.42      0.59        12
          18       1.00      0.60      0.75        10
          19       0.86      0.75      0.80         8
          20       1.00      0.75      0.86         8
          21       0.62      0.71      0.67         7
          22       1.00      1.00      1.00         9
          23       1.00      0.89      0.94         9
          24       1.00      0.77      0.87        13
          25       0.59      0.83      0.69        12
          26       1.00      0.54      0.70        13
          27       1.00      0.92      0.96        12
          28       1.00      1.00      1.00         7
          29       1.00      0.83      0.91         6
          30       0.71      0.62      0.67         8
          31       1.00      0.73      0.84        11

    accuracy                           0.74       320
   macro avg       0.86      0.75      0.78       320
weighted avg       0.87      0.74      0.78       320
