              precision    recall  f1-score   support

           0       0.60      0.60      0.60         5
           1       1.00      0.93      0.96        14
           2       0.09      1.00      0.16         8
           3       0.89      1.00      0.94         8
           4       1.00      0.90      0.95        10
           5       0.67      0.22      0.33         9
           6       0.67      0.33      0.44        12
           7       0.83      0.36      0.50        14
           8       1.00      0.75      0.86        12
           9       1.00      0.73      0.84        11
          10       1.00      0.80      0.89        15
          11       1.00      0.67      0.80         9
          12       0.83      0.83      0.83         6
          13       1.00      0.70      0.82        10
          14       0.50      0.25      0.33        12
          15       0.80      0.50      0.62         8
          16       1.00      0.67      0.80        12
          17       1.00      0.75      0.86        12
          18       1.00      0.70      0.82        10
          19       0.71      0.62      0.67         8
          20       1.00      0.62      0.77         8
          21       0.27      0.43      0.33         7
          22       1.00      0.89      0.94         9
          23       1.00      0.67      0.80         9
          24       1.00      0.69      0.82        13
          25       0.70      0.58      0.64        12
          26       1.00      0.38      0.56        13
          27       1.00      0.75      0.86        12
          28       1.00      0.57      0.73         7
          29       0.80      0.67      0.73         6
          30       0.60      0.38      0.46         8
          31       0.88      0.64      0.74        11

    accuracy                           0.64       320
   macro avg       0.84      0.64      0.70       320
weighted avg       0.86      0.64      0.71       320
