              precision    recall  f1-score   support

           0       0.31      1.00      0.48         5
           1       0.65      0.79      0.71        14
           2       0.10      0.62      0.17         8
           3       0.70      0.88      0.78         8
           4       0.53      0.90      0.67        10
           5       0.75      0.33      0.46         9
           6       0.60      0.25      0.35        12
           7       0.59      0.71      0.65        14
           8       0.80      0.67      0.73        12
           9       0.71      0.45      0.56        11
          10       0.92      0.73      0.81        15
          11       0.38      0.33      0.35         9
          12       0.60      1.00      0.75         6
          13       0.80      0.80      0.80        10
          14       0.25      0.17      0.20        12
          15       1.00      0.75      0.86         8
          16       0.78      0.58      0.67        12
          17       0.70      0.58      0.64        12
          18       1.00      0.70      0.82        10
          19       0.40      0.25      0.31         8
          20       0.83      0.62      0.71         8
          21       0.50      0.29      0.36         7
          22       1.00      0.67      0.80         9
          23       1.00      0.67      0.80         9
          24       1.00      0.77      0.87        13
          25       0.67      0.67      0.67        12
          26       0.90      0.69      0.78        13
          27       1.00      0.67      0.80        12
          28       1.00      0.57      0.73         7
          29       1.00      0.67      0.80         6
          30       0.67      0.25      0.36         8
          31       1.00      0.73      0.84        11

    accuracy                           0.62       320
   macro avg       0.72      0.62      0.63       320
weighted avg       0.73      0.62      0.64       320
