              precision    recall  f1-score   support

           0       0.38      1.00      0.56         5
           1       1.00      0.86      0.92        14
           2       0.09      1.00      0.17         8
           3       0.71      0.62      0.67         8
           4       0.91      1.00      0.95        10
           5       0.80      0.44      0.57         9
           6       0.25      0.08      0.12        12
           7       0.25      0.14      0.18        14
           8       0.89      0.67      0.76        12
           9       0.80      0.73      0.76        11
          10       1.00      0.80      0.89        15
          11       0.80      0.44      0.57         9
          12       0.60      1.00      0.75         6
          13       1.00      0.60      0.75        10
          14       0.50      0.33      0.40        12
          15       1.00      0.50      0.67         8
          16       1.00      0.67      0.80        12
          17       0.57      0.33      0.42        12
          18       1.00      0.50      0.67        10
          19       0.25      0.12      0.17         8
          20       1.00      0.62      0.77         8
          21       0.11      0.14      0.12         7
          22       1.00      0.56      0.71         9
          23       1.00      0.33      0.50         9
          24       1.00      0.46      0.63        13
          25       0.48      0.92      0.63        12
          26       1.00      0.77      0.87        13
          27       1.00      0.67      0.80        12
          28       1.00      0.57      0.73         7
          29       0.83      0.83      0.83         6
          30       0.50      0.12      0.20         8
          31       1.00      0.45      0.62        11

    accuracy                           0.57       320
   macro avg       0.74      0.57      0.60       320
weighted avg       0.76      0.57      0.61       320
